%% SYS800 - Reconnaissance de formes et inspection
% M'Hand Kedjar - December 2016

richelectricblue    =   [0.03 0.57 0.82];
slategray           =   [0.44 0.5 0.56];
zinnwalditebrown    =   [0.17 0.09 0.03];
ube                 =   [0.53 0.47 0.76];
shockingpink        =   [0.99 0.06 0.75];
wildblueyonder      =   [0.64 0.68 0.82];
violet              =   [0.53 0.0 0.69];
azure_colorwheel	=	[0.0 0.5 1.0];
bulgarianrose		=	[0.28 0.02 0.03];
cornflowerblue		=	[0.39 0.58 0.93];
bazaar				=	[0.6 0.47 0.48];
brightturquoise		=	[0.03 0.91 0.87];
darkcyan			=	[0.0 0.55 0.55];
frenchblue			=	[0.0 0.45 0.73];
folly				=	[1.0 0.0 0.31];
hollywoodcerise		=	[0.96 0.0 0.63];
mountainmeadow		=	[0.19 0.73 0.56];
outerspace			=	[0.25 0.29 0.3];
steelblue			=	[0.27 0.51 0.71];
viridian			=	[0.25 0.51 0.43];
antiquefuchsia		=	[0.57 0.36 0.51];
armygreen			=	[0.29 0.33 0.13];
awesome				=	[1.0 0.13 0.32];
blue_green			=	[0.0 0.87 0.87];
brown_web			=	[0.65 0.16 0.16];
smokyblack			=	[0.06 0.05 0.03];
black				=	[0.00 0.00 0.00];
chartreuse_web    	=    [0.5 1.0 0.0];
crimson     		=    [0.86 0.08 0.24];
debianred    		=    [0.84 0.04 0.33];
electriccrimson     =    [1.0 0.0 0.25];
fluorescentpink     =    [1.0 0.08 0.58];
sangria     		=    [0.57 0.0 0.04];
ruby     			=    [0.88 0.07 0.37];
neoncarrot     		=    [1.0 0.64 0.26];
malachite     		=    [0.04 0.85 0.32];
mediumseagreen     	=    [0.24 0.7 0.44];
officegreen    		=    [0.0 0.5 0.0];
parisgreen     		=    [0.31 0.78 0.47];
glaucous     		=    [0.38 0.51 0.71];
hanblue     		=    [0.27 0.42 0.81];
iris     			=    [0.35 0.31 0.81];
majorelleblue     	=    [0.38 0.31 0.86];